52847
19189
45719
23447
16990
20964
36477
57282
50468
63188
27522
25318
56310
2139
23005
65474
6783
38387
64746
23933
25849
5742
2934
12902
47837
11244
8155
53420
48357
44907
2090
36156
17165
31510
18592
6228
39735
45517
50965
36574
64636
43160
2972
422
32568
50178
19774
60916
29573
31681
47082
4274
18629
47897
18028
41894
48642
12327
61263
25232
46524
2068
12603
15701
36143
36399
43573
54299
6379
10376
61423
23500
37757
502
26072
21382
41094
8129
4765
10299
39924
46297
12749
2379
27548
52635
23201
29099
60979
16885
61834
21307
32522
37060
19078
6084
16179
31333
28074
25251
25559
530
4290
25099
31840
53809
49140
44252
55818
48938
48899
58620
13225
31500
15484
17334
37981
10912
35556
41117
14479
58986
14687
39309
25175
49224
51263
5744
27505
25745
64995
11008
34749
7273
26752
12004
13693
55968
45320
1684
16738
7420
3500
59558
24855
5557
22234
12477
41141
37950
10998
63099
29592
5550
51969
28957
63659
56360
16417
41592
37561
50735
11873
11237
4063
15009
63492
34758
19723
228
27861
34991
11512
28282
54764
63058
21063
24620
22347
20043
56254
60809
10421
7680
17767
23975
19920
35129
64106
21618
11733
29014
22474
29774
40013
18660
14358
18672
43450
2479
18901
33301
31754
32203
44639
38835
48667
14691
49869
28982
9019
18732
43418
42785
29251
57985
44776
17837
27422
56556
1069
28815
13406
39680
30669
1927
23676
24756
45808
4551
38471
8583
30968
42746
24979
12189
16812
45279
43904
10284
1733
58234
62382
10193
2057
56520
47415
1236
48151
29504
23040
46073
53401
52503
23679
26893
34766
9451
30337
44144
33992
58333
58935
56710
8346
31029
44254
11387
12749
40105
28472
24461
6860
16112
42693
65040
25605
41971
4796
10540
55604
4019
6163
19687
26432
10911
53290
24273
63288
10229
44208
59355
29663
43337
53414
6037
38822
63865
63786
30169
12777
12165
12322
63385
14584
853
40524
43496
17502
2907
62663
24064
19714
61157
53063
45049
49265
3471
37606
64132
55117
44415
4396
49822
36215
61323
14055
30897
49798
22204
22987
6093
43956
26627
4554
53559
29397
54171
43840
6464
18769
19344
4150
48107
22529
63213
59563
11062
24092
44783
46909
44901
59297
32690
59376
6801
16366
24742
23859
54604
29914
42596
45947
43406
17101
14363
38991
23747
53342
16990
34395
39084
289
43145
34820
40590
30882
18641
19507
63338
22950
48704
37154
39127
26516
25337
21977
32501
35288
11563
16461
25262
14393
40322
33439
14077
3350
24455
18772
22961
29687
48980
21920
43823
4536
33848
1387
63090
21642
43573
19848
34342
26308
29767
25949
26246
11468
17392
23728
31932
48661
59219
2097
17753
63456
51962
36498
4893
14
55054
2529
3887
17254
9661
48865
60155
14134
8734
10514
13290
50884
45069
50635
63684
19287
30435
5620
394
32431
18010
42035
13257
23793
20232
6077
63595
4472
53948
2543
5022
4909
19674
47445
32197
38351
27611
1867
29490
38807
39895
55606
19190
37632
10832
55907
16489
19523
3551
19352
27269
14044
13586
36898
46386
33338
36606
14680
3580
19143
10740
40926
46427
38716
12747
35147
2554
26283
62301
49137
21165
60226
34481
60629
20514
15819
20650
61641
26374
3916
10432
39945
20683
42662
54009
9029
43648
26714
27330
26785
51335
11374
54331
61016
43483
17071
55235
37510
8180
36293
64214
32596
34745
64172
51774
46039
11885
35273
12336
20302
33113
29166
46493
11656
57982
49551
36079
12153
50676
32885
56782
47379
3398
16803
41419
60792
19926
29440
8448
9948
20508
31796
45100
10223
1243
61676
10209
56376
63014
6639
55819
60132
51700
54583
51437
22330
21940
3263
3263
21176
31689
40829
43926
55733
12182
48362
28333
50111
34996
8968
16487
24605
25790
65106
25613
15295
16019
855
62312
13362
17617
47295
54067
57838
25911
24226
5723
48788
43670
54144
11541
16678
33908
49232
24737
46527
5467
463
58097
34656
38162
5724
2779
27648
61610
33463
24158
48334
49692
60955
31893
51559
17928
50302
17691
9222
20057
44530
14997
29129
9863
8379
52843
56341
42982
56018
17558
45639
13405
37793
13275
27789
12864
47520
22925
5386
55001
26167
54190
6846
21807
50647
43448
58636
52573
16499
28517
50885
60775
34823
22049
32557
2111
64874
3331
38424
20944
20486
48463
2284
59569
59690
26134
57532
48839
14315
64844
2172
19215
50391
31658
44369
7876
40504
17211
25874
2365
2843
55955
34705
54854
63168
31022
35237
62707
29723
22480
41988
28389
27430
41709
49020
42004
42349
37098
4853
48106
17687
49882
22840
52089
20424
18572
15348
22743
34191
28729
62031
20176
47465
52155
64102
12469
24013
24679
55823
40564
55650
59502
31488
4887
30658
1255
48288
30289
46426
41575
26906
14885
7458
2112
49073
37715
43107
49037
4681
2855
21870
58379
37803
32477
38653
31032
58784
18770
1167
706
28073
8784
55643
7188
7052
26850
60629
57374
31111
28323
53901
9372
25138
44725
14469
25367
5838
1672
49186
29275
8625
20215
55362
15582
7751
33706
19293
32858
19137
52118
38126
28758
33152
41464
51741
11648
43404
27012
11490
17903
53393
22038
60167
33738
26033
45587
13711
55270
38363
38487
48537
6534
45014
39893
50153
4932
681
26592
42034
7194
40003
9435
3893
33322
6873
37854
49976
53234
53587
56904
23309
29765
26868
17128
60902
21904
65476
10108
30397
8811
18286
40687
58994
53238
4661
40279
2387
15043
63205
34413
1150
40143
41050
36960
45804
56072
3221
19867
64044
11030
31147
10945
50484
24233
16234
34028
32034
8484
2715
19821
63001
36591
15699
48663
3683
61274
63144
4575
63765
45933
64966
21347
63708
41176
32963
19525
23729
47439
63909
18188
58343
47099
17120
24593
25356
10325
52189
27375
1091
10368
17586
14124
52620
58523
373
8910
2863
3483
47344
12893
48392
52333
19195
15837
28850
36439
34701
30611
55571
6598
54380
38519
39740
32513
21193
6438
59961
3914
17418
24851
46110
45718
54301
12101
62528
57544
50122
21994
44440
39761
17727
8977
42720
63384
33854
10978
7283
52699
2272
6458
44140
43883
23339
9647
3167
14033
60886
40963
63333
18524
31538
59449
58257
22147
14030
33548
45302
50001
50491
64447
48992
41774
1986
60750
54215
52742
57216
2370
28883
17945
63949
53268
53177
5193
4460
8240
25946
50247
23828
56314
52320
19525
57025
58973
